Date,ER_Y/USD,R_US,RGDP_US,M0_US,R_J,RGDP_J,M0_J,ValueNP,Actual
1/4/1994,103.15,3.56,1.013551289,1.022875817,-0.21,0.994248206,0.934868356,-4.1,USDD
1/7/1994,99.05,4.26,1.005845067,1.019906611,-0.16,1.011721576,0.978863228,-0.6,USDD
1/10/1994,98.45,4.76,1.011454796,1.008915663,0.02,0.996040292,1.028638551,1.29,USDA
1/1/1995,99.74,5.53,1.00354705,1.017912587,0.14,1.011068286,1.104644663,-10.39,USDD
1/4/1995,89.35,6.05,1.002982868,1.017128109,-0.05,1.009199571,0.935837852,-4.75,USDD
1/7/1995,84.6,5.85,1.008507124,1.005536332,-0.85,1.011906333,0.984220853,13.7,USDA
1/10/1995,98.3,5.76,1.006789896,1.001605873,-0.57,1.002489437,1.027793235,4.53,USDA
1/1/1996,102.83,5.56,1.007489622,1.011681173,-0.34,1.008132909,1.120482396,3.45,USDA
1/4/1996,106.28,5.22,1.016679492,1.003848766,0.22,1.012581848,0.959153548,3.14,USDA
1/7/1996,109.42,5.4,1.008970289,1.01443392,-0.03,1.001373981,0.993440142,1.55,USDA
1/10/1996,110.97,5.24,1.010383702,1.006002668,-0.14,1.011249622,1.010497463,5.03,USDA
1/1/1997,116,5.25,1.006455874,1.022099448,0.01,1.002555241,1.11445463,8.05,USDA
1/4/1997,124.05,5.51,1.016619331,1.006486486,0.06,0.992346517,0.961496003,-9.65,USDD
1/7/1997,114.4,5.52,1.012507699,1.016326531,0.05,1.002071557,0.992182498,6.6,USDA
1/10/1997,121,5.5,1.00858735,1.009723103,-0.09,1.000420331,1.009098007,8.95,USDA
1/1/1998,129.95,5.56,1.009994268,1.028260414,0.44,0.987783248,1.141674035,2.1,USDA
1/4/1998,132.05,5.45,1.009257695,1.005903909,-0.25,0.995573168,0.95360593,8.8,USDA
1/7/1998,140.85,5.54,1.012527731,1.016798219,-0.18,1.001825955,0.995819434,-5.6,USDD
1/10/1998,135.25,5.07,1.016162239,1.020302548,0.08,1.008072817,1.006934356,-19.65,USDD
1/1/1999,115.6,4.63,1.009438183,1.029847835,0.05,0.986228668,1.087294771,4.8,USDA
1/4/1999,120.4,4.74,1.008349999,1.013828377,-0.45,1.003772242,0.974365881,0.7,USDA
1/7/1999,121.1,4.99,1.013230348,1.025411061,-0.12,1.005329753,0.997675649,-14.25,USDD
1/10/1999,106.85,5.2,1.016427471,1.028972303,0.05,1.000362111,1.016511919,-4.65,USDD
1/1/2000,102.2,5.45,1.003644396,1.065875686,0,1.01697874,1.155734601,3.65,USDA
1/4/2000,105.85,6.02,1.018206065,0.961289251,-0.09,1.00473742,0.946126137,-0.45,USDD
1/7/2000,105.4,6.54,1.000997665,1.009678534,0.03,1.000255531,0.957441209,2.45,USDA
1/10/2000,107.85,6.51,1.005943618,1.001882917,0.27,1.009718888,0.993745901,7.05,USDA
1/1/2001,114.9,5.98,0.996757715,1.022894242,0.13,1.007425292,1.099192736,9.7,USDA
1/4/2001,124.6,4.8,1.006213666,1.005010857,-0.39,0.992493877,0.967293419,-0.55,USDD
1/7/2001,124.05,3.77,0.995996659,1.023765996,-0.1,0.989104442,1.018829836,-4.75,USDD
1/10/2001,119.3,2.49,1.002773219,1.031168831,0,0.996589922,1.054673537,12.5,USDA
1/1/2002,131.8,1.73,1.008282348,1.029282116,0.02,1.001688162,1.12467934,1.4,USDA
1/4/2002,133.2,1.75,1.006155323,1.014683389,0,1.008103124,1.097012427,-13.75,USDD
1/7/2002,119.45,1.73,1.004034915,1.02396744,-0.01,1.00314112,0.980308505,2.1,USDA
1/10/2002,121.55,1.75,1.001306558,1.003827469,-0.01,1.00278037,1.003671875,-1.65,USDD
1/1/2003,119.9,1.24,1.005167011,1.025516938,0,1.000625833,1.107263353,0.25,USDA
1/4/2003,120.15,1.26,1.008934295,1.014729015,0,1.006875556,1.017921015,-0.3,USDD
1/7/2003,119.85,1.01,1.016668959,1.011273957,0,1.002947661,1.063296012,-8.65,USDD
1/10/2003,111.2,1.01,1.011540312,1.010033445,0,1.010879651,1.008466066,-4.1,USDD
1/1/2004,107.1,1,1.005729094,1.016004415,0.01,1.007341914,1.037303683,-2.8,USDD
1/4/2004,104.3,1,1.007787599,1.006518197,-0.01,1.000168251,1.005811211,4.08,USDA
1/7/2004,108.38,1.26,1.009412121,1.021721533,-0.01,1.0061158,0.992341187,2.62,USDA
1/10/2004,111,1.76,1.010220759,1.008715172,0,0.998057194,1.011411455,-6.88,USDD
1/1/2005,104.12,2.28,1.011108753,1.014792512,0.02,1.005151402,1.031854007,3.23,USDA
1/4/2005,107.35,2.79,1.004865976,1.000386997,-0.01,1.00781102,0.985293395,3.05,USDA
1/7/2005,110.4,3.26,1.007855949,1.009542231,-0.01,1.01014254,0.989381864,2.75,USDA
1/10/2005,113.15,3.78,1.005679216,1.0054924,0.01,1.001728313,1.011326638,4.82,USDA
1/1/2006,117.97,4.29,1.013486929,1.021595528,0,1.001537887,1.024019204,-0.57,USDD
1/4/2006,117.4,4.79,1.002456034,1.006217359,0.04,1.001639931,0.966673036,-2.45,USDD
1/7/2006,114.95,5.24,1.001504431,1.002842313,0.01,0.998004691,0.836600045,2.85,USDA
1/10/2006,117.8,5.25,1.008436723,0.997905114,0.28,1.013388162,0.951249632,1.15,USDA
1/1/2007,118.95,5.25,1.002936443,1.016300321,0.06,1.006623489,1.040250213,-1.3,USDD
1/4/2007,117.65,5.25,1.00638415,1,0.15,1.000467935,0.977182689,5.58,USDA
1/7/2007,123.23,5.26,1.006023323,1.007168894,0.11,0.994584312,0.991305646,-8.18,USDD
1/10/2007,115.05,4.76,1.006096374,1.000120642,0.03,1.004224743,0.999306202,-1.05,USDD
1/1/2008,114,3.94,0.995925706,1.001930036,0.03,1.003537368,1.03666321,-13.9,USDD
1/4/2008,100.1,2.28,1.005722506,0.99951842,-0.06,0.994325144,0.973598727,6.3,USDA
1/7/2008,106.4,2.01,0.994731133,1.020236088,0.03,0.9875488,0.995800273,-2.1,USDD
1/10/2008,104.3,0.97,0.978169344,1.341676505,0,0.975237467,1.004074282,-13.55,USDD
1/1/2009,90.75,0.15,0.988342907,1.506511792,-0.06,0.951925112,1.045952377,7.35,USDA
1/4/2009,98.1,0.15,0.998307158,1.024065421,-0.13,1.019633066,1.021968927,-2.15,USDD
1/7/2009,95.95,0.16,1.00361963,0.954597308,-0.1,0.999569163,0.991249743,-6.18,USDD
1/10/2009,89.77,0.12,1.010679749,1.156967017,-0.02,1.012319756,0.986704286,2.29,USDA
1/1/2010,92.06,0.11,1.005000273,1.03031555,-0.05,1.010530243,1.052168859,1.19,USDA
1/4/2010,93.25,0.2,1.00967711,1.009724311,-0.05,1.012010585,0.992211022,-4.65,USDD
1/7/2010,88.6,0.18,1.007731184,0.990021843,-0.08,1.018151274,1.005877224,-5.2,USDD
1/10/2010,83.4,0.19,1.005196397,0.983653412,-0.05,0.991821073,1.007145655,-1.95,USDD
1/1/2011,81.45,0.17,0.997590461,1.043941479,0.01,0.989406613,1.064538214,1.68,USDA
1/4/2011,83.13,0.1,1.006780635,1.219102495,-0.02,0.991422158,1.083821202,-2.41,USDD
1/7/2011,80.72,0.07,0.999612013,1.07538252,-0.01,1.024308673,1.006517466,-4.09,USDD
1/10/2011,76.63,0.07,1.011216911,0.982494041,0,0.998571579,1.004759513,1.09,USDA
1/1/2012,77.72,0.08,1.008179479,1.001137311,0,1.013748019,1.035094428,4.43,USDA
1/4/2012,82.15,0.14,1.004558723,0.999621327,0,0.991036588,0.95290863,-2.85,USDD
1/7/2012,79.3,0.16,1.001748522,1.003030533,-0.02,0.996226944,1.068933629,-1.73,USDD
1/10/2012,77.57,0.16,1.001098749,0.986403807,0.02,0.999273081,1.034204778,8.98,USDA
1/1/2013,86.55,0.14,1.008677893,1.049735814,-0.02,1.01377379,1.061592859,7.6,USDA
1/4/2013,94.15,0.15,1.001393426,1.098479046,-0.03,1.009048774,1.020893489,3.99,USDA
1/7/2013,98.14,0.09,1.007916474,1.092705117,-0.04,1.00958375,1.213714726,-0.39,USDD
1/10/2013,97.75,0.09,1.007111892,1.090735057,0.03,0.998853835,1.111067492,7.55,USDA
1/1/2014,105.3,0.07,0.996499082,1.038724056,0,1.008148955,1.064711736,-2.45,USDD
1/4/2014,102.85,0.09,1.012841167,1.054230924,0,0.981816693,1.078225716,-1.55,USDD
1/7/2014,101.3,0.09,1.011649794,1.014857405,-0.02,1.000880768,1.118190025,8.07,USDA
1/10/2014,109.37,0.09,1.004489992,1.003108471,0.01,1.004778649,1.053893199,11.27,USDA
1/1/2015,120.64,0.11,1.008133017,1.003898538,-0.01,1.015444138,1.087808039,-0.53,USDD
1/4/2015,120.11,0.12,1.005800129,1.010529984,-0.01,1.001386565,1.055035572,2.34,USDA
1/7/2015,122.45,0.13,1.003233438,0.975809233,-0.01,1.000770073,1.109736983,-2.5,USDD
1/10/2015,119.95,0.12,1.001462401,1.025068161,0.01,0.998662273,1.061061975,0.55,USDA
1/1/2016,120.5,0.34,1.005892027,0.934047531,0,1.007309727,1.042701541,-7.87,USDD
1/4/2016,112.63,0.37,1.003023546,1.021145886,-0.03,0.998525891,1.046843735,-9.73,USDD
1/7/2016,102.9,0.39,1.006011268,0.974076274,0,1.001565735,1.083029467,-1.82,USDD
1/10/2016,101.08,0.4,1.004968831,0.946878728,-0.01,1.001899674,1.037676984,15.72,USDA
1/1/2017,116.8,0.65,1.004719142,1.006550768,0,1.008081374,1.046340429,-4.75,USDD
1/4/2017,112.05,0.9,1.005597705,1.062911973,0,1.00388269,1.023150517,-0.11,USDD
1/7/2017,111.94,1.15,1.007191834,0.993118246,0,1.007332054,1.053229311,0.72,USDA
1/10/2017,112.66,1.15,1.009404051,1.009089951,0,1.001865019,1.025322023,0.24,USDA
1/1/2018,112.9,1.41,1.007628156,0.998668373,0,1.001190539,1.006380533,-6.71,USDD
1/4/2018,106.19,1.69,1.008339002,0.974456181,0,1.00328801,1.003809743,4.26,USDA
1/7/2018,110.45,1.91,1.004819796,0.970808403,0,0.992045054,1.036624918,3.02,USDA
1/10/2018,113.47,2.19,1.002231311,0.973081281,0,1.000178069,1.011062425,-2.64,USDD
1/1/2019,110.83,2.4,1.005978224,0.950580817,0,1.00395754,0.996355009,0.09,USDA
1/4/2019,110.92,2.42,1.007929083,0.982013206,0,1.004340765,0.994364827,-3.24,USDD
1/7/2019,107.68,2.4,1.006854724,0.991967627,0,0.998844403,1.038017801,0.27,USDA
1/10/2019,107.95,1.83,1.004691134,0.997699598,0,0.976093325,1.001628488,1.17,USDA
1/1/2020,109.12,1.55,0.986964068,1.058349729,0,1.003062561,0.997956704,-0.42,USDD
1/4/2020,108.7,0.05,0.910627855,1.407337477,0,0.919523332,0.990389384,-0.98,USDD
1/7/2020,107.72,0.09,1.075474803,0.970154183,0,1.051086881,1.071231269,-1.93,USDD
1/10/2020,105.79,0.09,1.011153093,1.046124715,0,1.02309878,1.079356711,-2.16,USDD
1/1/2021,103.63,0.09,1.015339054,1.067295764,0,0.992769283,1.032959908,7.07,USDA
1/4/2021,110.7,0.07,1.016407199,1.151314787,0,1.004894278,1.011264546,-0.2,USDD